1730895395.5051844 0.9 0.9 0.0 
1730895395.545803 1.8 0.9 0.0 
1730895395.5863385 2.7 0.9 0.0 
1730895395.6269426 3.6 0.9 0.0 
1730895395.667412 4.5 0.9 0.0 
1730895395.7079604 5.4 0.9 0.0 
1730895395.748434 6.3 0.9 0.0 
1730895395.7889743 7.2 0.9 0.0 
1730895395.8294218 8.1 0.9 0.0 
1730895395.869945 9.0 0.9 0.0 
1730895395.910452 9.9 0.9 0.0 
1730895395.951041 10.8 0.9 0.0 
1730895395.9915748 11.7 0.9 0.0 
1730895396.032111 12.6 0.9 0.0 
1730895396.0725896 13.5 0.9 0.0 
1730895396.1130683 14.4 0.9 0.0 
1730895396.15356 15.3 0.9 0.0 
1730895396.194126 16.2 0.9 0.0 
1730895396.2345934 17.1 0.9 0.0 
1730895396.275097 18.0 0.9 0.0 
1730895396.3156652 18.9 0.9 0.0 
1730895396.3561397 19.8 0.9 0.0 
1730895396.3966708 20.7 0.9 0.0 
1730895396.4372022 21.6 0.9 0.0 
1730895396.4776978 22.5 0.9 0.0 
1730895396.5181644 23.4 0.9 0.0 
1730895396.5587041 24.3 0.9 0.0 
1730895396.5991685 25.2 0.9 0.0 
1730895396.6396637 26.1 0.9 0.0 
1730895396.6801677 27.0 0.9 0.0 
1730895396.7207098 27.9 0.9 0.0 
1730895396.7612238 28.8 0.9 0.0 
1730895396.8017106 29.7 0.9 0.0 
1730895397.8444424 28.8 0.9 0.0 
1730895397.8447142 28.8 0.9 0.0 
1730895397.884895 27.9 0.9 0.0 
1730895397.8851132 27.9 1.8 0.0 
1730895397.925503 27.9 2.7 0.0 
1730895397.9257157 27.0 2.7 0.0 
1730895397.9661129 26.1 2.7 0.0 
1730895397.9663243 26.1 3.6 0.0 
1730895398.0067618 26.1 4.5 0.0 
1730895398.0071676 25.2 4.5 0.0 
1730895398.0472784 25.2 5.4 0.0 
1730895398.047505 24.3 5.4 0.0 
1730895398.0877883 24.3 6.3 0.0 
1730895398.0880082 23.4 6.3 0.0 
1730895398.128376 22.5 6.3 0.0 
1730895398.1285896 22.5 7.2 0.0 
1730895398.169171 22.5 8.1 0.0 
1730895398.1693854 21.6 8.1 0.0 
1730895398.210089 20.7 8.1 0.0 
1730895398.2103102 20.7 9.0 0.0 
1730895398.2506425 19.8 9.0 0.0 
1730895398.2510953 19.8 9.9 0.0 
1730895398.2909174 18.9 9.9 0.0 
1730895398.2911675 18.9 10.8 0.0 
1730895398.3316672 18.0 10.8 0.0 
1730895398.3318956 18.0 11.7 0.0 
1730895398.3719752 17.1 11.7 0.0 
1730895398.3721874 17.1 12.6 0.0 
1730895398.412488 16.2 12.6 0.0 
1730895398.412706 16.2 13.5 0.0 
1730895398.4529636 16.2 14.4 0.0 
1730895398.4532557 15.3 14.4 0.0 
1730895398.4935582 15.3 15.3 0.0 
1730895398.493785 14.4 15.3 0.0 
1730895398.5342095 14.4 16.2 0.0 
1730895398.5344665 13.5 16.2 0.0 
1730895398.5748053 12.6 16.2 0.0 
1730895398.57531 12.6 17.1 0.0 
1730895398.6153977 12.6 18.0 0.0 
1730895398.615607 11.7 18.0 0.0 
1730895398.656252 10.8 18.0 0.0 
1730895398.6564636 10.8 18.9 0.0 
1730895398.6967552 10.8 19.8 0.0 
1730895399.7388222 9.9 19.8 0.0 
1730895399.7390525 9.9 20.7 0.0 
1730895400.7811015 10.8 20.7 0.0 
1730895400.8216078 11.7 20.7 0.0 
1730895400.8622003 12.6 20.7 0.0 
1730895400.9032125 13.5 20.7 0.0 
1730895400.9438164 14.4 20.7 0.0 
1730895400.98409 15.3 20.7 0.0 
1730895401.0247796 16.2 20.7 0.0 
1730895401.0650337 17.1 20.7 0.0 
1730895401.1056077 18.0 20.7 0.0 
1730895401.146052 18.9 20.7 0.0 
1730895401.18659 19.8 20.7 0.0 
1730895402.2287216 20.7 20.7 0.0 
1730895402.269218 21.6 20.7 0.0 
1730895402.3096983 22.5 20.7 0.0 
1730895402.3502622 23.4 20.7 0.0 
1730895402.3907328 24.3 20.7 0.0 
1730895402.4311993 25.2 20.7 0.0 
1730895402.471723 26.1 20.7 0.0 
1730895402.5122783 27.0 20.7 0.0 
1730895402.5527754 27.9 20.7 0.0 
1730895402.5932324 28.8 20.7 0.0 
1730895402.6338105 29.7 20.7 0.0 
1730895402.67462 30.6 20.7 0.0 
1730895403.7165003 30.6 21.6 0.0 
1730895403.7167027 31.5 21.6 0.0 
1730895403.7571828 32.4 21.6 0.0 
1730895403.7573845 32.4 22.5 0.0 
1730895403.7979646 32.4 23.4 0.0 
1730895403.7981846 33.3 23.4 0.0 
1730895403.8385758 34.2 23.4 0.0 
1730895403.838803 34.2 24.3 0.0 
1730895403.879237 35.1 24.3 0.0 
1730895403.8794427 35.1 25.2 0.0 
1730895403.9198983 36.0 25.2 0.0 
1730895403.9201276 36.0 26.1 0.0 
1730895403.9604642 36.0 27.0 0.0 
1730895403.9606695 36.9 27.0 0.0 
1730895404.001093 37.8 27.0 0.0 
1730895404.0013077 37.8 27.9 0.0 
1730895404.0416203 37.8 28.8 0.0 
1730895404.0420644 38.7 28.8 0.0 
1730895404.0821965 38.7 29.7 0.0 
1730895404.0824165 39.6 29.7 0.0 
1730895404.1229713 39.6 30.6 0.0 
1730895404.1231923 40.5 30.6 0.0 
1730895404.1633952 41.4 30.6 0.0 
1730895404.1636608 41.4 31.5 0.0 
1730895404.2039273 42.3 31.5 0.0 
1730895404.2041948 42.3 32.4 0.0 
1730895404.244807 43.2 32.4 0.0 
1730895404.2453892 43.2 33.3 0.0 
1730895404.2853084 44.1 33.3 0.0 
1730895404.2855322 44.1 34.2 0.0 
1730895404.3257506 45.0 34.2 0.0 
1730895404.325977 45.0 35.1 0.0 
1730895404.3663514 45.9 35.1 0.0 
1730895404.3665688 45.9 36.0 0.0 
1730895404.4069026 46.8 36.0 0.0 
1730895404.4071193 46.8 36.9 0.0 
1730895404.447692 47.7 36.9 0.0 
1730895404.4479034 47.7 37.8 0.0 
1730895404.4882586 47.7 38.7 0.0 
1730895404.488492 48.6 38.7 0.0 
1730895404.528872 49.5 38.7 0.0 
1730895404.529112 49.5 39.6 0.0 
1730895404.5694509 49.5 40.5 0.0 
1730895404.569666 50.4 40.5 0.0 
1730895405.6119382 49.5 40.5 0.0 
1730895405.6121378 49.5 39.6 0.0 
1730895405.6525066 49.5 38.7 0.0 
1730895405.652714 48.6 38.7 0.0 
1730895405.693108 48.6 37.8 0.0 
1730895405.6933234 47.7 37.8 0.0 
1730895405.7337205 47.7 36.9 0.0 
1730895405.7339654 46.8 36.9 0.0 
1730895405.7745965 45.9 36.9 0.0 
1730895405.7748406 45.9 36.0 0.0 
1730895405.8153174 45.9 35.1 0.0 
1730895405.815532 45.0 35.1 0.0 
1730895405.8559098 45.0 34.2 0.0 
1730895405.856196 44.1 34.2 0.0 
1730895405.8963563 44.1 33.3 0.0 
1730895405.8966005 43.2 33.3 0.0 
1730895405.9369047 43.2 32.4 0.0 
1730895405.9371471 42.3 32.4 0.0 
1730895405.9775808 42.3 31.5 0.0 
1730895405.9778345 41.4 31.5 0.0 
1730895406.0184238 41.4 30.6 0.0 
1730895406.0186763 40.5 30.6 0.0 
1730895406.0592012 40.5 29.7 0.0 
1730895406.0594292 39.6 29.7 0.0 
1730895406.1000085 38.7 29.7 0.0 
1730895406.100252 38.7 28.8 0.0 
1730895406.1407683 37.8 28.8 0.0 
1730895406.1410162 37.8 27.9 0.0 
1730895406.181406 36.9 27.9 0.0 
1730895406.1816926 36.9 27.0 0.0 
1730895406.2220662 36.9 26.1 0.0 
1730895406.222476 36.0 26.1 0.0 
1730895406.2625759 36.0 25.2 0.0 
1730895406.2628741 35.1 25.2 0.0 
1730895406.3030825 35.1 24.3 0.0 
1730895406.3032947 34.2 24.3 0.0 
1730895406.3439538 34.2 23.4 0.0 
1730895406.3449776 33.3 23.4 0.0 
1730895406.3846035 32.4 23.4 0.0 
1730895406.3851013 32.4 22.5 0.0 
1730895406.4249709 31.5 22.5 0.0 
1730895406.4254622 31.5 21.6 0.0 
1730895406.465521 30.6 21.6 0.0 
1730895406.4658267 30.6 20.7 0.0 
1730895407.508475 29.7 20.7 0.0 
1730895407.5488899 28.8 20.7 0.0 
1730895407.5893776 27.9 20.7 0.0 
1730895407.6305654 27.0 20.7 0.0 
1730895407.6712484 26.1 20.7 0.0 
1730895407.7114773 25.2 20.7 0.0 
1730895407.7520282 24.3 20.7 0.0 
1730895407.7925446 23.4 20.7 0.0 
1730895407.8330965 22.5 20.7 0.0 
1730895407.8737805 21.6 20.7 0.0 
1730895407.9142592 20.7 20.7 0.0 
1730895407.954691 19.8 20.7 0.0 
1730895407.9952984 18.9 20.7 0.0 
1730895408.0359597 18.0 20.7 0.0 
1730895408.0765367 17.1 20.7 0.0 
1730895408.1170454 16.2 20.7 0.0 
1730895408.1574857 15.3 20.7 0.0 
1730895408.198 14.4 20.7 0.0 
1730895408.2391427 13.5 20.7 0.0 
1730895408.279062 12.6 20.7 0.0 
1730895408.3195448 11.7 20.7 0.0 
1730895408.3600757 10.8 20.7 0.0 
1730895408.4010901 9.9 20.7 0.0 
1730895408.4416795 9.0 20.7 0.0 
1730895408.482178 8.1 20.7 0.0 
1730895408.5226042 7.2 20.7 0.0 
1730895408.5631244 6.3 20.7 0.0 
1730895408.603621 5.4 20.7 0.0 
1730895408.6441872 4.5 20.7 0.0 
1730895408.684691 3.6 20.7 0.0 
1730895408.72516 2.7 20.7 0.0 
1730895408.7656436 1.8 20.7 0.0 
1730895408.8061523 0.9 20.7 0.0 
1730895409.8484511 0.9 19.8 0.0 
1730895409.8888214 0.9 18.9 0.0 
1730895409.929393 0.9 18.0 0.0 
1730895409.9699419 0.9 17.1 0.0 
1730895410.010473 0.9 16.2 0.0 
1730895410.0509608 0.9 15.3 0.0 
1730895410.0914419 0.9 14.4 0.0 
1730895410.131966 0.9 13.5 0.0 
1730895410.1724916 0.9 12.6 0.0 
1730895410.2130096 0.9 11.7 0.0 
1730895410.253469 0.9 10.8 0.0 
1730895410.2940297 0.9 9.9 0.0 
1730895410.3345206 0.9 9.0 0.0 
1730895410.375049 0.9 8.1 0.0 
1730895410.4155183 0.9 7.2 0.0 
1730895410.4559503 0.9 6.3 0.0 
1730895410.4967754 0.9 5.4 0.0 
1730895410.5373647 0.9 4.5 0.0 
1730895410.5779097 0.9 3.6 0.0 
1730895410.6184416 0.9 2.7 0.0 
1730895410.6589913 0.9 1.8 0.0 
1730895410.6998653 0.9 0.9 0.0 
